n=20;
wrap=F;
#ia=0.012130362349021241;
#ib=-0.008277800916284881;
#wa=0.8947535658813326;
#wb=0.9644836635406812;
ia=0.01171875;
ib=-0.0078125;
wa=0.89453125;
wb=0.96435546875;
tau=0.64;
threshold=0.75;
alpha=10.00;
tck_i=1;
tau_dt=6.3999999999999995;


