ia=2.316887696091819;
ib=-1.8491783323690916;
wa=0.17610683496082505;
wb=1.9133806352977332;
tau=0.5375273985536443;
alpha=12.720753821736851;